a               = -0.0776057 
m               = 6.97402    
s               = 0.122983   
c               = 0.383534   

a2              = -0.176599  
m2              = 7.44761    
s2              = 0.109974   
c2              = 0.3618

a3              = -0.1205    
m3              = 8.61626    
s3              = 0.0935998  
c3              = 0.359508   

a4              = -0.0412111 
m4              = 9.61089    
s4              = -0.0916118 
c4              = 0.346643   
