a               = -0.0776057       +/- 0.0007071    (0.9112%)
m               = 6.97402          +/- 0.001042     (0.01494%)
s               = 0.122983         +/- 0.001502     (1.221%)
c               = 0.383534         +/- 0.0005393    (0.1406%)

a2              = -0.176599        +/- 0.0008892    (0.5035%)
m2              = 7.44761          +/- 0.0006407    (0.008603%)
s2              = 0.109974         +/- 0.0006683    (0.6077%)
c2              = 0.3618

a3              = -0.1205          +/- 0.0006073    (0.504%)
m3              = 8.61626          +/- 0.0004842    (0.005619%)
s3              = 0.0935998        +/- 0.0006448    (0.6889%)
c3              = 0.359508         +/- 0.0003915    (0.1089%)

a4              = -0.0412111       +/- 0.0004916    (1.193%)
m4              = 9.61089          +/- 0.00113      (0.01176%)
s4              = -0.0916118       +/- 0.001483     (1.618%)
c4              = 0.346643         +/- 0.0003083    (0.08893%)
